JOGO DA VIDA: VERSAO OPENMP
14
17
20
16
16
18
20
19
14
17
14
14
18
14
16
14
30
15
16
14
20
14
16
16
15
13
19
16
14
16
14
19
15
15
13
15
16
13
16
17
15
14
15
37
18
15
18
16
15
13
19
26
14
14
14
14
15
13
15
17
13
13
19
16
17
16
15
15
15
14
16
13
16
16
15
16
14
16
18
16
14
17
14
13
14
13
13
15
16
13
15
17
47
15
19
23
19
15
18
15
15
18
15
17
18
14
17
14
15
20
16
14
14
13
16
15
13
19
18
16
15
15
18
17
18
16
15
16
15
14
15
15
15
13
15
15
13
15
15
14
32
16
15
14
15
16
18
14
18
14
15
15
15
15
16
20
18
18
15
14
15
15
15
14
17
14
14
15
14
15
15
14
15
15
14
15
15
14
15
15
18
16
18
15
19
15
17
14
17
17
14
17
15
17
15
16
18
16
13
23
14
13
19
14
18
18
13
16
16
13
16
14
16
21
13
15
14
13
15
16
13
16
15
15
16
15
13
16
15
17
17
15
14
30
14
18
14
15
16
21
15
17
15
18
14
19
16
13
15
15
14
18
19
14
16
14
19
20
15
16
15
14
18
14
14
16
16
15
15
14
16
19
22
18
16
15
17
15
15
15
17
15
19
16
15
14
21
15
16
17
13
17
14
14
13
17
13
15
15
13
15
15
26
15
15
13
15
17
15
17
14
16
15
15
13
18
19
14
21
14
14
15
16
13
16
15
13
16
14
14
14
13
14
17
14
16
16
14
15
15
14
15
18
13
16
15
14
15
16
15
15
15
15
14
15
15
17
16
15
15
15
16
16
14
38
14
18
17
15
14
14
14
18
17
18
17
14
17
20
20
16
14
15
16
15
15
15
14
16
16
17
18
13
17
15
17
16
13
14
16
14
23
15
15
18
14
19
19
15
16
14
16
17
13
16
15
18
18
14
15
16
16
17
14
13
16
14
14
16
14
16
19
14
18
14
43
18
17
19
14
17
15
22
17
19
15
15
15
15
19
19
16
15
16
14
18
21
14
19
16
14
18
15
15
19
14
23
16
19
16
16
19
14
14
17
16
18
20
18
14
14
16
15
13
15
16
14
15
16
14
19
17
16
18
18
15
15
15
17
16
19
16
14
15
16
17
17
14
15
15
14
16
18
18
16
14
15
18
15
16
17
15
16
15
20
15
16
33
19
15
16
13
13
16
14
38
14
15
15
15
19
15
14
18
14
15
16
15
14
26
14
16
15
13
19
16
14
16
14
14
16
17
14
16
15
16
15
16
13
14
14
15
18
15
16
15
13
18
15
15
21
15
14
16
15
14
15
15
15
16
16
14
15
17
14
18
17
15
15
15
16
16
22
14
14
14
17
17
17
17
18
15
16
14
15
15
17
20
16
13
15
18
15
15
15
18
20
14
15
16
14
15
15
17
16
18
14
14
15
18
15
13
15
15
15
15
14
15
19
14
15
15
13
15
18
17
49
19
22
20
17
18
19
24
23
24
27
39
49
49
22
47
37
39
25
17
15
36
40
22
49
38
27
52
51
24
49
47
60
61
50
47
49
47
50
43
47
48
35
19
49
21
48
39
19
59
47
60
46
49
28
18
22
16
19
18
61
20
18
17
20
15
14
16
18
19
49
36
50
49
23
21
21
24
25
20
15
16
17
41
21
18
18
16
16
16
18
20
25
21
15
17
16
16
17
17
18
15
15
18
20
16
19
18
15
16
17
14
18
17
16
18
17
24
17
30
20
29
16
16
17
17
18
15
18
16
17
15
17
16
31
15
15
16
17
16
20
27
15
27
15
31
19
19
18
21
16
20
25
18
23
16
22
15
16
15
15
21
17
18
15
14
15
16
15
15
16
17
17
13
13
16
15
14
15
14
14
14
15
14
13
16
15
19
15
21
23
23
19
18
15
27
14
15
16
14
15
17
15
16
19
17
16
36
26
17
15
18
15
15
20
21
15
14
15
15
15
15
16
14
21
14
14
15
14
16
18
14
14
18
14
15
27
16
21
17
36
19
17
16
14
14
16
20
30
17
17
17
17
17
19
23
15
18
15
14
14
15
15
16
16
15
40
16
18
16
20
27
14
15
14
18
16
14
16
16
15
15
19
15
16
14
16
16
14
17
18
18
14
15
13
16
17
17
19
14
16
15
14
15
18
14
15
16
15
16
15
14
15
17
15
22
15
14
15
13
15
16
14
15
13
15
13
17
15
15
15
16
14
15
16
14
14
16
13
17
15
13
15
16
14
21
15
17
15
14
16
15
25
16
19
18
14
15
17
18
26
15
18
15
14
29
15
19
18
15
17
15
15
20
15
14
15
15
19
18
14
15
15
18
15
15
14
21
14
17
16
13
15
15
14
15
16
15
15
16
14
14
15
16
19
15
14
14
14
15
14
17
15
15
15
13
13
16
14
15
16
21
14
15
18
16
15
15
14
15
17
14
16
17
14
19
15
19
14
14
18
37
16
15
16
18
15
18
16
18
14
15
15
14
15
15
13
17
18
13
16
18
13
16
18
16
18
15
15
15
17
15
18
14
16
16
14
15
16
13
21
14
14
18
13
18
17
15
14
15
14
16
15
17
16
22
15
17
14
16
15
19
17
14
15
18
15
18
17
21
14
13
15
14
15
19
17
17
14
19
16
14
15
16
16
15
15
17
19
17
19
17
17
14
14
17
17
17
14
19
15
15
17
14
16
16
14
15
14
20
15
21
15
15
19
17
15
14
18
18
14
19
17
16
15
15
19
14
23
17
18
18
14
15
22
14
17
14
16
15
14
19
14
18
15
15
17
14
28
18
15
16
14
15
18
16
15
15
14
15
18
26
19
16
15
19
14
16
16
16
14
25
15
21
17
38
17
18
18
14
15
20
17
15
15
18
18
18
18
16
14
15
16
15
14
15
15
18
17
15
15
15
16
14
17
15
15
20
19
14
16
37
15
16
19
17
35
17
18
17
17
16
19
14
16
15
20
19
17
16
18
16
16
26
14
14
18
15
14
16
15
14
15
15
15
15
14
15
17
15
15
14
15
16
14
17
14
16
15
15
16
19
17
19
16
18
16
20
18
15
19
16
18
19
38
15
17
20
24
16
19
18
15
14
15
15
16
16
15
15
15
15
20
15
15
16
16
14
15
15
15
15
15
16
15
15
15
16
21
16
16
17
18
15
14
17
16
15
17
19
15
18
16
16
15
15
20
21
15
16
16
19
15
18
17
15
19
16
16
15
16
17
16
19
14
14
21
19
14
17
16
14
17
15
21
17
17
15
14
29
15
18
16
16
15
16
15
21
15
16
18
15
17
17
17
15
15
15
16
16
15
14
15
16
16
17
18
15
18
15
15
15
15
17
15
25
19
16
15
18
16
20
15
17
16
17
15
15
19
14
17
17
15
16
16
15
17
16
16
14
15
20
19
16
18
16
16
14
17
17
18
19
16
16
21
20
17
16
17
14
18
17
15
17
19
19
18
23
18
43
18
16
20
18
17
17
17
19
17
18
17
17
16
19
16
16
16
16
16
15
16
16
19
16
16
16
18
16
16
16
16
16
18
27
18
17
17
17
15
18
16
16
17
15
16
19
19
15
16
16
18
19
16
17
16
18
15
16
17
21
16
17
18
20
15
16
18
15
20
19
15
19
16
15
15
18
17
16
15
15
14
15
15
16
15
17
18
15
15
18
15
15
15
17
25
14
24
20
28
20
20
22
21
17
18
18
19
19
27
18
18
22
18
18
17
18
19
17
14
22
17
18
14
18
19
21
19
18
20
21
19
23
20
16
18
16
16
18
18
17
19
18
20
18
15
16
18
14
14
17
19
19
14
15
15
19
17
15
18
14
14
17
17
20
13
15
14
13
18
21
14
15
14
14
14
14
13
15
14
15
15
18
14
14
15
17
17
17
15
15
15
15
18
18
15
19
14
17
16
17
18
16
17
17
16
15
15
21
18
16
16
14
20
15
15
15
15
16
16
15
16
19
26
16
15
18
16
14
15
14
14
15
15
17
15
15
17
14
17
15
20
15
17
17
17
17
17
16
19
16
16
16
17
19
15
16
16
18
17
15
17
18
17
15
18
16
20
16
18
15
17
18
16
19
15
23
18
14
15
20
16
15
18
15
15
15
15
18
23
24
15
15
19
15
16
17
15
16
16
30
17
14
17
18
16
16
22
15
15
15
20
16
28
18
18
17
33
21
17
23
17
15
17
18
16
18
14
18
15
14
15
14
19
15
18
14
16
18
17
17
16
17
17
14
15
14
15
16
14
15
15
13
15
16
14
16
14
19
13
16
17
14
16
14
15
15
14
13
15
15
18
14
17
18
14
17
18
19
15
13
18
16
13
30
14
25
15
14
15
16
15
15
16
16
15
14
13
15
15
16
15
15
14
15
15
17
16
15
16
14
15
16
15
19
21
15
15
17
13
15
20
13
15
18
14
15
16
13
15
17
13
18
18
13
16
15
15
17
14
13
16
19
19
14
14
15
18
14
17
15
13
15
14
14
15
828424
828451
